sentence,label
You’re just another busybody trying to control everyone else’s lives!,1
It's vital to ensure that all residents feel included in decision-making processes.,0
These homeowners are a disgrace; they don’t care about anyone but themselves!,1
I believe that fostering positive relationships among neighbors is key to a thriving community.,0
Get real; nobody wants to hear your sob stories about neighborhood issues!,1
Your constant complaining is ruining the community spirit; just stop!,1
I think we need to focus on building long-term relationships within our community.,0
"All you do is cause division; we need to work together, not against each other!",1
I believe we can benefit from organizing neighborhood clean-up events.,0
It's essential to promote transparency in our homeowner association meetings.,0
These homeowners need to get a grip and stop being so dramatic!,1
These so-called leaders are a joke; they don’t know how to manage anything!,1
I believe regular feedback from homeowners can help us improve our services.,0
All they do is complain about everything; it’s pathetic!,1
I believe we can enhance our community by working together more effectively.,0
Quit acting like you’re saving the neighborhood; you’re just causing trouble!,1
Why should we listen to these whiny neighbors who can't follow the rules?,1
These residents need to wake up and see how out of touch they are!,1
Stop pretending you’re the neighborhood watch; you’re just a nosy neighbor!,1
We should work towards establishing more recreational activities for families.,0
Stop acting like your opinions are facts; nobody cares!,1
It's important to address the concerns of all homeowners fairly.,0
It's vital to maintain a positive atmosphere during meetings.,0
All these homeowners do is stir up drama; it’s embarrassing!,1
Quit acting like you’re the authority; nobody respects you anyway!,1
Get those self-righteous idiots out of our association; they don’t know what they’re talking about!,1
It's important to create a welcoming environment for new residents.,0
I think we need to offer more resources for residents to connect with one another.,0
It's essential to have clear communication about upcoming projects and initiatives.,0
I believe we need to improve communication between residents and the board.,0
We should consider more engaging activities for residents to participate in.,0
These meetings are a waste of time; all we hear is whining from you people!,1
It's important to create opportunities for residents to share their ideas.,0
These people need to realize that they’re not as important as they think!,1
You think your concerns are valid? You’re just a nuisance to everyone!,1
It's important to recognize the efforts of volunteers in our neighborhood.,0
I think we can enhance community spirit by organizing block parties.,0
"If you can't handle a little change, maybe you shouldn't be on the board!",1
These homeowners are just a bunch of entitled idiots who think they own the neighborhood!,1
It's crucial to celebrate the diversity within our community.,0
You’re just a failure trying to impose your views on everyone else!,1
We should consider hosting workshops to educate residents about association rules.,0
You think your complaints are going to change anything? Think again!,1
It's essential to prioritize the needs of families in our community planning.,0
All they do is sit around and complain instead of finding solutions!,1
I think we need to establish clearer guidelines for neighborhood events.,0
You think your opinions matter? You’re just a joke to everyone else!,1
I think we need to ensure that all voices are heard in our discussions.,0
We should focus on creating a more inclusive community for everyone.,0
We should aim to keep the neighborhood clean and well-maintained for everyone.,0
We should focus on enhancing our community’s safety and security measures.,0
